271,12
271,0
271,11
4294967279,333
271,10
271,9
271,8
4294967279,174
271,7
271,6
271,5
84,5
73,4
67,4
67,5
4294967278,384
4294967279,575
4294967278,216
4294967279,574
4294967294,504
4294967294,969
4294967294,397
4294967294,1436
4294967294,412
4294967294,1422
4294967294,418
4294967294,168
4294967294,1019
4294967294,384
4294967294,975
4294967294,398
4294967294,404
4294967294,401
4294967294,460
4294967294,986
4294967294,983
4294967294,984
4294967294,503
4294967294,1440
4294967294,428
4294967294,389
4294967294,114
4294967294,120
4294967294,502
4294967294,178
4294967294,419
4294967294,179
4294967294,175
4294967294,119
4294967294,110
301,5
301,4
301,3
301,2
301,1
4294967294,1451
4294967294,501
4294967294,1447
4294967294,500
4294967278,314
4294967294,987
4294967294,499
4294967294,396
4294967294,187
4294967294,417
4294967294,386
4294967294,405
4294967294,1425
4294967294,988
4294967294,1016
4294967294,184
4294967294,471
4294967294,108
4294967294,452
4294967294,413
4294967279,566
4294967294,162
4294967294,163
4294967294,1027
4294967294,182
4294967278,367
4294967294,107
4294967294,81
4294967294,50
4294967294,1021
4294967294,28
4294967278,311
4294967279,298
4294967278,335
293,84
293,83
293,82
293,81
293,80
293,79
293,78
293,77
293,76
293,75
293,74
293,73
293,72
293,71
293,70
293,69
293,68
293,0
293,67
293,66
293,65
293,64
293,45
293,44
293,43
293,42
293,41
293,40
293,39
293,38
293,37
293,36
293,35
293,34
293,33
293,32
293,31
293,30
293,29
293,28
293,27
293,26
293,25
293,24
293,23
293,22
293,21
293,20
293,19
293,18
293,17
293,16
293,15
293,14
4294967294,1450
4294967294,1039
4294967278,399
283,9
283,0
283,8
281,11
281,0
281,10
281,9
280,7
280,0
280,6
280,5
279,39
279,0
279,38
279,37
279,36
279,35
279,34
279,33
279,32
279,31
279,30
279,29
279,28
279,27
279,26
279,25
279,24
279,23
279,22
279,21
279,20
279,19
279,18
279,17
279,16
279,15
279,14
279,13
279,12
279,11
279,10
4294967294,1441
4294967294,480
4294967279,559
265,36
265,0
265,35
265,34
265,33
265,32
265,31
265,30
265,29
265,28
265,27
265,26
265,25
265,24
264,7
264,0
262,17
262,0
262,16
262,15
262,14
262,13
262,12
262,11
262,10
4294967278,348
4294967279,299
4294967279,554
4294967279,332
4294967279,74
4294967279,72
4294967279,534
248,17
248,0
248,16
248,15
248,14
248,13
248,12
248,11
248,10
248,9
4294967279,550
4294967278,398
4294967278,292
4294967278,171
4294967278,164
4294967279,165
4294967278,159
4294967279,160
4294967278,157
4294967279,158
4294967278,156
4294967278,155
4294967278,154
4294967278,148
4294967278,146
4294967278,142
4294967279,137
4294967278,136
4294967279,135
4294967278,134
4294967278,281
4294967279,271
4294967278,265
4294967278,276
4294967278,174
4294967278,397
4294967278,396
4294967279,133
300,4
300,3
300,2
300,1
4294967278,395
299,4
299,3
299,2
299,1
4294967278,248
4294967279,248
4294967294,388
298,7
298,6
298,5
298,4
298,3
298,2
298,1
297,10
297,9
297,8
297,7
297,6
297,5
297,4
297,3
297,2
297,1
296,5
296,4
296,3
296,2
296,1
295,8
295,7
295,6
295,5
295,4
295,3
295,2
295,1
294,6
294,5
294,4
294,3
294,2
294,1
4294967294,492
293,13
293,12
293,11
293,10
293,9
293,8
293,7
293,6
293,5
293,4
293,3
293,2
293,1
4294967279,558
4294967278,364
292,9
292,8
292,7
292,6
292,5
292,4
292,3
292,2
292,1
4294967279,573
291,5
291,4
291,3
291,2
291,1
290,6
290,5
290,4
290,3
290,2
290,1
289,9
289,8
289,7
289,6
289,5
289,4
289,3
289,2
289,1
4294967278,338
288,7
288,6
288,5
288,4
288,3
288,2
288,1
4294967279,572
287,6
287,5
287,4
287,3
287,2
287,1
4294967278,306
4294967279,533
4294967278,394
4294967279,143
4294967278,288
4294967279,532
4294967278,140
286,8
286,7
286,6
286,5
4294967278,138
286,4
286,3
286,2
286,1
4294967278,285
285,4
4294967278,271
285,3
285,2
285,1
4294967278,269
4294967279,287
4294967278,393
4294967278,266
284,5
4294967279,289
284,4
284,3
284,2
284,1
4294967279,314
4294967294,1444
283,7
283,6
4294967278,259
283,5
283,4
283,3
283,2
283,1
282,9
282,8
282,7
282,6
282,5
282,4
282,3
282,2
282,1
4294967279,256
4294967278,353
281,8
281,7
281,6
281,5
281,4
281,3
281,2
281,1
4294967279,331
4294967279,244
280,4
280,3
280,2
280,1
279,9
279,8
279,7
279,6
279,5
279,4
279,3
279,2
279,1
278,6
278,5
278,4
278,3
278,2
278,1
277,5
277,4
277,3
277,2
277,1
4294967278,315
4294967279,560
4294967294,1018
4294967294,29
4294967294,1421
4294967294,45
4294967294,44
4294967294,170
4294967294,978
4294967294,982
4294967294,1446
4294967294,989
276,4
276,3
276,2
276,1
275,4
275,3
275,2
275,1
274,4
274,3
274,2
274,1
273,4
273,3
273,2
273,1
272,4
272,3
272,2
272,1
271,4
271,3
271,2
271,1
265,23
265,22
265,21
265,20
265,19
4294967294,1423
265,18
265,17
265,16
265,15
265,14
265,13
265,12
265,11
265,10
265,9
265,8
265,7
265,6
265,5
270,4
270,3
270,2
270,1
269,4
269,3
269,2
269,1
268,4
268,3
268,2
268,1
267,4
267,3
267,2
267,1
266,4
266,3
266,2
266,1
265,4
265,3
265,2
265,1
4294967294,92
4294967294,91
4294967294,90
4294967294,88
4294967294,87
4294967294,86
4294967294,85
4294967294,1452
4294967294,27
4294967279,540
264,6
264,5
264,4
264,3
264,2
264,1
263,5
263,4
263,3
263,2
263,1
4294967278,373
262,9
262,8
262,7
262,6
262,5
262,4
262,3
262,2
262,1
4294967278,372
261,4
261,3
261,2
261,1
4294967279,134
260,7
260,6
260,5
260,4
260,3
260,2
260,1
259,8
259,7
259,6
259,5
259,4
259,3
259,2
259,1
4294967279,330
4294967278,299
258,8
258,7
258,6
258,5
258,4
258,3
258,2
258,1
257,4
257,3
257,2
257,1
4294967279,254
4294967279,548
256,7
256,6
256,5
256,4
256,3
256,2
256,1
255,4
255,3
255,2
255,1
4294967279,232
4294967279,228
254,4
254,3
254,2
254,1
4294967279,216
253,4
253,3
253,2
253,1
4294967279,329
4294967279,328
252,4
252,3
252,2
252,1
4294967278,260
4294967278,21
4294967278,20
4294967278,18
4294967278,15
4294967278,280
4294967278,14
4294967278,13
4294967278,7
4294967279,286
251,6
251,5
251,4
251,3
251,2
251,1
4294967278,317
250,5
250,4
250,3
250,2
250,1
4294967279,565
249,7
249,6
249,5
249,4
249,3
249,2
249,1
4294967279,557
248,8
248,7
248,6
248,5
248,4
248,3
248,2
248,1
247,4
247,3
247,2
247,1
4294967294,980
4294967294,173
4294967294,190
246,7
246,6
246,5
246,4
246,3
246,2
246,1
4294967278,341
245,7
245,6
245,5
245,4
245,3
245,2
245,1
244,10
244,9
244,8
244,7
244,6
244,5
244,4
244,3
244,2
244,1
4294967278,308
4294967278,289
243,6
243,5
243,4
243,3
243,2
243,1
242,10
242,9
242,8
242,7
242,6
242,5
242,4
242,3
242,2
242,1
4294967278,301
4294967279,553
4294967278,274
4294967279,288
241,10
241,9
241,8
241,7
241,6
241,5
241,4
241,3
241,2
241,1
4294967278,264
240,10
240,9
240,8
4294967278,262
240,7
240,6
240,5
240,4
240,3
240,2
240,1
4294967278,277
4294967278,336
4294967279,311
239,4
4294967279,310
239,3
239,2
239,1
4294967279,307
4294967279,551
4294967278,256
4294967279,304
238,4
238,3
238,2
238,1
4294967279,255
4294967278,392
4294967279,251
4294967279,549
4294967294,1443
237,8
237,7
237,6
237,5
237,4
237,3
237,2
237,1
4294967278,241
4294967278,240
4294967279,240
236,6
236,5
236,4
236,3
236,2
236,1
4294967279,230
235,9
235,8
235,7
235,6
235,5
235,4
235,3
235,2
235,1
4294967278,352
4294967278,8
4294967278,6
4294967279,129
234,10
234,9
234,8
234,7
234,6
234,5
234,4
234,3
234,2
234,1
4294967279,547
233,9
233,8
233,7
233,6
233,5
233,4
233,3
233,2
233,1
4294967279,520
4294967278,313
232,10
232,9
232,8
232,7
232,6
232,5
232,4
232,3
232,2
232,1
231,9
231,8
231,7
231,6
231,5
231,4
231,3
231,2
231,1
230,9
230,8
230,7
230,6
230,5
230,4
230,3
230,2
230,1
4294967279,130
4294967279,128
4294967278,360
38,2
38,5
38,4
69,4
4294967278,294
4294967278,255
84,2
4294967278,252
4294967278,250
4294967278,238
4294967278,319
4294967279,303
4294967278,325
4294967279,122
4294967278,324
